300
176 0
252 1
199 0
201 0
198 0
300 2
274 2
244 1
196 0
216 0
276 2
204 0
204 0
274 2
255 1
290 2
279 2
259 1
246 1
193 0
269 2
199 0
256 1
240 1
206 0
200 0
193 0
270 1
236 1
259 1
273 2
211 0
214 0
192 0
209 0
280 2
271 2
244 1
193 0
197 0
189 0
193 0
269 2
207 0
290 2
189 0
288 2
227 1
191 0
241 1
201 0
260 1
275 2
260 1
259 1
195 0
197 0
212 0
239 1
202 0
285 2
281 2
203 0
266 1
279 2
199 0
204 0
277 2
193 0
245 1
237 1
192 0
196 0
296 2
279 2
252 1
249 1
236 1
282 2
284 2
192 0
257 1
214 0
294 2
263 2
190 0
250 1
281 2
278 2
180 0
278 2
233 1
285 2
256 1
182 0
194 0
199 0
245 1
204 0
268 2
194 0
221 1
247 1
259 1
207 0
268 2
283 2
192 0
250 1
292 2
247 1
255 1
291 2
204 0
245 1
281 2
284 2
251 1
240 1
248 1
195 0
195 0
276 2
292 2
258 1
261 1
249 1
247 1
261 1
262 1
220 0
206 0
198 0
226 1
195 0
247 1
254 1
237 1
243 1
253 1
293 2
273 2
196 0
252 1
299 2
238 1
275 2
276 2
213 0
275 1
255 1
270 2
199 0
215 0
194 0
273 2
253 1
253 1
281 2
232 1
278 1
313 2
198 0
278 2
269 2
277 2
191 0
213 0
236 1
257 1
236 1
216 0
290 2
245 1
289 2
287 2
289 2
265 2
227 1
197 0
279 2
194 0
188 0
303 2
249 1
293 2
268 2
275 2
285 2
265 1
251 1
247 1
188 0
199 0
224 1
252 1
278 2
214 0
280 2
236 1
276 2
268 1
277 2
260 1
200 0
260 1
289 2
233 1
246 1
199 0
209 0
297 2
197 0
278 2
250 1
264 2
266 1
192 0
181 0
202 0
215 0
216 0
266 2
198 0
274 2
256 1
249 1
282 2
277 2
283 2
195 0
235 1
203 0
269 2
287 2
239 1
290 2
278 2
245 1
248 1
279 2
248 1
267 2
204 0
286 2
206 0
278 2
281 2
197 0
251 1
246 1
251 1
275 2
210 0
191 0
267 2
200 0
287 2
286 2
273 2
221 0
258 1
270 2
258 1
176 0
187 0
273 2
299 2
247 1
195 0
199 0
235 1
197 0
250 1
258 1
255 1
250 1
207 0
284 2
264 1
191 0
258 1
255 1
230 0
264 2
285 2
186 0
287 2
202 0
200 0
295 2
283 2
250 1
284 2
286 2
191 0
262 1
280 2
223 0
273 2
