300
208 1
106 0
201 1
298 2
84 0
201 1
211 1
280 2
111 0
96 0
298 2
302 2
210 1
113 0
320 2
305 2
107 0
109 0
307 2
99 0
99 0
316 2
174 1
307 2
100 0
204 1
206 1
190 1
83 0
301 2
308 2
215 1
297 2
302 2
184 1
100 0
182 1
100 0
294 2
306 2
184 1
107 0
300 2
107 0
111 0
101 0
310 2
305 2
314 2
183 1
302 2
212 1
197 1
214 1
205 1
295 2
295 2
297 2
191 1
117 0
302 2
201 1
186 1
88 0
203 1
307 2
294 2
99 0
309 2
90 0
282 2
309 2
309 2
121 0
286 2
95 0
105 0
307 2
303 2
93 0
307 2
289 2
194 1
303 2
185 1
110 0
218 1
86 0
314 2
105 0
188 1
107 0
119 0
201 1
191 1
213 1
197 1
108 0
194 1
210 1
96 0
98 0
89 0
101 0
100 0
289 2
198 1
302 2
108 0
298 2
104 0
296 2
188 1
192 1
104 0
97 0
196 1
204 1
279 2
293 2
96 0
96 0
201 1
101 0
215 1
184 1
90 0
100 0
205 1
297 2
198 1
203 1
123 0
218 1
184 1
200 1
111 0
304 2
97 0
306 2
315 2
300 2
312 2
312 2
101 0
307 2
120 0
304 2
117 0
102 0
296 2
205 1
75 0
304 2
308 2
106 0
107 0
196 1
304 2
114 0
199 1
197 1
294 2
103 0
213 1
301 2
304 2
217 1
206 1
209 1
185 1
92 0
199 1
216 1
93 0
206 1
206 1
302 2
204 1
89 0
98 0
199 1
316 2
106 0
184 1
112 0
196 1
97 0
204 1
289 2
291 2
102 0
205 1
199 1
289 2
99 0
222 1
102 0
199 1
198 1
205 1
198 1
204 1
184 1
94 0
289 2
221 1
292 2
94 0
99 0
214 1
305 2
106 0
203 1
111 0
284 2
289 2
294 2
305 2
103 0
291 2
202 1
90 0
203 1
98 0
212 1
91 0
200 1
306 2
98 0
316 2
101 0
207 1
78 0
105 0
115 0
109 0
271 2
199 1
78 0
203 1
316 2
198 1
101 0
198 1
292 2
98 0
294 2
99 0
290 2
214 1
203 1
194 1
205 1
99 0
301 2
296 2
299 2
317 2
196 1
124 0
85 0
184 1
287 2
304 2
278 2
99 0
211 1
329 2
308 2
102 0
301 2
97 0
108 0
102 0
310 2
196 1
91 0
195 1
303 2
314 2
102 0
304 2
191 1
295 2
315 2
82 0
82 0
206 1
281 2
203 1
277 2
112 0
301 2
297 2
195 1
116 0
289 2
200 1
198 1
