300
158 0
211 1
150 0
190 0
418 2
357 2
232 0
69 0
240 1
266 2
285 2
238 1
384 2
271 1
141 0
215 1
204 0
88 0
95 0
125 1
366 1
396 2
424 2
408 2
314 1
89 0
454 2
362 2
151 0
272 0
376 2
248 1
403 2
181 0
29 0
171 1
331 1
436 2
241 1
52 0
356 2
370 2
146 0
265 1
-32 0
419 2
357 2
119 0
182 0
355 1
390 2
402 2
131 0
414 1
95 0
21 0
-33 0
284 1
228 0
149 1
147 0
86 0
238 1
365 2
334 2
257 1
260 1
240 1
356 2
464 2
388 2
4 0
35 0
365 2
85 0
-31 0
303 1
17 0
233 1
384 2
90 0
320 2
120 1
305 1
289 1
427 2
452 2
197 1
214 1
257 2
327 1
343 2
381 2
195 1
261 1
188 1
1 0
104 0
171 1
369 2
420 2
306 1
166 1
380 2
366 2
383 2
305 2
109 0
-39 0
5 0
67 0
208 1
42 1
104 0
45 0
192 1
456 2
208 1
160 1
84 0
287 1
161 0
262 1
327 2
165 0
191 1
-4 0
132 1
459 2
284 1
52 0
415 2
266 0
392 2
388 2
427 2
161 0
303 1
256 1
381 1
413 2
158 1
423 2
219 2
298 2
173 1
383 2
125 0
487 2
422 2
292 1
24 0
191 0
279 2
412 2
302 1
371 2
107 0
272 1
322 1
460 2
27 0
445 2
423 2
168 0
-70 0
106 0
366 2
482 2
441 2
237 1
392 2
257 1
116 1
103 0
231 0
345 2
69 0
-32 0
135 0
376 2
297 1
86 0
194 1
214 1
-23 0
284 2
98 0
321 1
352 1
277 1
46 0
447 2
224 1
142 0
315 2
397 2
53 0
464 2
241 1
183 0
366 2
386 2
234 1
5 0
161 0
22 0
450 2
88 0
134 1
227 1
301 2
483 2
100 0
188 0
221 1
256 0
242 1
107 0
349 2
306 1
191 0
30 0
149 0
233 2
478 2
396 2
95 1
185 1
229 1
365 2
73 0
361 2
92 0
292 2
395 2
402 2
271 1
250 1
237 1
116 1
402 1
382 2
337 1
299 1
116 0
365 2
263 1
156 0
378 2
337 1
280 2
144 0
141 0
378 2
60 0
443 2
-9 0
212 1
52 0
75 0
484 2
18 0
344 1
121 0
521 2
235 1
246 1
369 2
449 2
398 2
134 0
266 1
348 1
500 2
193 1
304 1
318 1
228 1
270 0
141 0
166 0
189 1
329 2
-22 0
206 1
41 0
390 2
132 0
374 2
81 0
452 2
311 1
258 1
243 1
34 0
37 0
169 1
188 1
353 2
