300
94 0
117 0
142 1
102 0
126 1
109 0
140 1
342 2
306 2
128 1
229 2
131 1
235 2
101 1
125 1
115 0
90 0
129 1
256 2
120 1
140 1
91 0
270 2
357 2
97 0
93 0
153 1
92 0
128 1
128 1
97 0
156 1
300 2
155 1
120 1
92 0
129 1
73 0
286 2
249 2
324 2
256 2
290 2
258 2
244 2
94 0
119 0
212 2
166 1
138 1
126 1
106 0
306 2
101 0
103 0
245 2
86 0
95 0
98 0
104 0
227 2
92 0
309 2
257 2
128 0
128 1
295 2
257 2
132 1
239 2
107 0
132 1
115 1
157 1
243 2
84 0
281 2
142 1
106 0
228 2
150 1
141 1
119 1
261 2
287 2
104 0
299 2
99 0
101 0
248 2
305 2
140 1
162 1
290 2
82 0
111 0
129 1
147 1
240 2
128 1
102 0
140 1
133 1
128 1
275 2
93 0
264 2
259 2
242 2
232 2
156 1
101 0
90 0
139 1
94 0
130 1
89 0
249 2
317 2
283 2
128 1
148 1
94 0
249 2
305 2
98 0
92 0
126 1
86 0
101 0
223 2
103 0
134 1
137 1
320 2
130 1
304 2
267 2
248 2
129 1
114 0
109 0
134 1
121 0
249 2
141 1
170 1
81 0
138 1
160 1
122 1
135 1
278 2
125 1
123 0
304 2
133 1
130 1
223 2
94 0
287 2
97 0
315 2
283 2
226 2
254 2
236 2
270 2
103 0
169 1
115 0
127 1
108 0
141 1
282 2
107 0
159 1
112 0
114 0
82 0
86 0
246 2
98 0
99 0
97 0
123 0
266 2
265 2
90 0
285 2
120 1
138 1
104 0
261 2
259 2
145 1
168 1
109 0
146 1
99 0
153 1
143 1
119 1
262 2
276 2
95 0
106 0
85 0
259 2
241 2
97 0
121 1
98 0
125 1
102 0
256 2
151 1
306 2
114 0
87 0
296 2
301 2
166 1
111 1
278 2
161 1
237 2
84 0
138 1
86 0
99 0
217 2
285 2
155 1
139 1
103 0
255 2
98 0
81 0
91 0
213 2
160 1
102 0
155 1
99 1
133 1
141 1
281 2
110 1
279 2
98 0
110 0
245 2
105 0
201 2
303 2
120 1
296 2
136 1
99 0
95 0
110 0
157 1
290 2
300 2
97 0
264 2
93 0
276 2
112 0
202 2
108 0
123 1
104 0
106 0
157 1
119 1
132 1
142 1
221 2
130 1
90 0
261 2
293 2
273 2
101 1
127 1
151 1
114 0
124 1
144 1
74 0
104 0
128 1
256 2
282 2
141 1
94 0
291 2
260 2
